      LG Genomic sequence Map size (cM) Markers/cM Simplex Double-simplex Multiplex Total Max gap
1      1                1        205.88       2.31     102            122       252   476    9.01
2      2                2        125.11       3.44     131            139       160   430     4.9
3      3                3        134.07       2.85     151             21       210   382    9.09
4      4                4         165.9       2.56     114             87       224   425    5.74
5      5                5         106.2       2.93     124             53       134   311    4.22
6      6                6         142.7       2.78      73             75       249   397    3.83
7      7                7        126.09       3.28     136             94       184   414    5.65
8      8                8        136.68        2.5      61             98       183   342    7.32
9      9                9        144.49       2.46      76            101       179   356    7.79
10    10               10        114.67       1.81      47             36       124   207    5.27
11    11               11        110.66       2.89      95             52       173   320    5.41
12    12               12        117.54       1.91     115             32        78   225    6.09
13 Total             <NA>       1629.99       2.64    1225            910      2150  4285    6.19
